-0.078983 0.047946 -0
-0.076983 0.045454 -0
-0.074905 0.043027 -0
-0.072751 0.040669 -0
-0.070522 0.03838 -0
-0.068221 0.036163 -0
-0.065851 0.034021 -0
-0.063414 0.031956 -0
-0.060911 0.02997 -0
-0.058347 0.028065 -0
-0.055723 0.026242 -0
-0.053042 0.024505 -0
-0.050307 0.022854 -0
-0.047521 0.021291 -0
-0.044686 0.019818 -0
-0.041806 0.018436 -0
-0.038882 0.017147 -0
-0.03592 0.015952 -0
-0.03292 0.014852 -0
-0.029887 0.013849 -0
-0.026824 0.012943 -0
-0.023733 0.012135 -0
-0.020618 0.011427 -0
-0.017481 0.010818 -0
-0.014327 0.01031 -0
-0.011159 0.0099029 -0
-0.0079786 0.0095972 -0
-0.0047904 0.0093932 -0
-0.0015974 0.0092911 -0
0.0015974 0.0092911 0
0.0047904 0.0093932 0
0.0079786 0.0095972 0
0.011159 0.0099029 0
0.014327 0.01031 0
0.017481 0.010818 0
0.020618 0.011427 0
0.023733 0.012135 0
0.026824 0.012943 0
0.029887 0.013849 0
0.03292 0.014852 0
0.03592 0.015952 0
0.038882 0.017147 0
0.041806 0.018436 0
0.044686 0.019818 0
0.047521 0.021291 0
0.050307 0.022854 0
0.053042 0.024505 0
0.055723 0.026242 0
0.058347 0.028065 0
0.060911 0.02997 0
0.063414 0.031956 0
0.065851 0.034021 0
0.068221 0.036163 0
0.070522 0.03838 0
0.072751 0.040669 0
0.074905 0.043027 0
0.076983 0.045454 0
0.078983 0.047946 0
0.080902 0.0505 0
0.082738 0.053114 0
-0.052727 0.020768 -0
-0.055148 0.018683 -0
-0.057568 0.016598 -0
-0.059989 0.014512 -0
-0.062409 0.012427 -0
-0.064829 0.010342 -0
-0.06725 0.0082562 -0
-0.06967 0.0061708 -0
-0.07209 0.0040854 -0
-0.074511 0.002 -0
-0.077706 0.002 -0
-0.0809 0.002 -0
-0.084095 0.002 -0
-0.08729 0.002 -0
-0.090485 0.002 -0
0.085667 0.051837 0
0.088595 0.05056 0
0.091524 0.049283 0
0.094452 0.048007 0
0.097381 0.04673 0
0.10031 0.045453 0
0.10324 0.044176 0
0.10617 0.042899 0
0.1091 0.041622 0
0.11202 0.040345 0
0.11495 0.039068 0
0.11788 0.037792 0
0.12081 0.036515 0
0.12081 0.03332 0
0.12081 0.030125 0
0.12081 0.02693 0
0.12081 0.023735 0
0.12081 0.02054 0
0.12081 0.017346 0
0.12081 0.014151 0
0.12081 0.010956 0
0.12081 0.0077611 0
0.12081 0.0045663 0
-0.075444 0.04673 -0
-0.073407 0.044352 -0
-0.071296 0.042041 -0
-0.069112 0.039798 -0
-0.066857 0.037625 -0
-0.064534 0.035526 -0
-0.062145 0.033503 -0
-0.059693 0.031556 -0
-0.05718 0.029689 -0
-0.054608 0.027903 -0
-0.051981 0.0262 -0
-0.049301 0.024582 -0
-0.04657 0.023051 -0
-0.043792 0.021607 -0
-0.040969 0.020253 -0
-0.038105 0.01899 -0
-0.035201 0.017819 -0
-0.032262 0.016741 -0
-0.029289 0.015758 -0
-0.026287 0.01487 -0
-0.023258 0.014078 -0
-0.020205 0.013384 -0
-0.017132 0.012787 -0
-0.014041 0.012289 -0
-0.010935 0.01189 -0
-0.007819 0.011591 -0
-0.0046946 0.011391 -0
-0.0015654 0.011291 -0
0.0015654 0.011291 0
0.0046946 0.011391 0
0.007819 0.011591 0
0.010935 0.01189 0
0.014041 0.012289 0
0.017132 0.012787 0
0.020205 0.013384 0
0.023258 0.014078 0
0.026287 0.01487 0
0.029289 0.015758 0
0.032262 0.016741 0
0.035201 0.017819 0
0.038105 0.01899 0
0.040969 0.020253 0
0.043792 0.021607 0
0.04657 0.023051 0
0.049301 0.024582 0
0.051981 0.0262 0
0.054608 0.027903 0
0.05718 0.029689 0
0.059693 0.031556 0
0.062145 0.033503 0
0.064534 0.035526 0
0.066857 0.037625 0
0.069112 0.039798 0
0.071296 0.042041 0
0.073407 0.044352 0
0.075444 0.04673 0
0.077403 0.049172 0
0.079284 0.051675 0
