0.09098 0.067724 0
0.093764 0.074137 0
0.096096 0.080735 0
0.097964 0.087487 0
0.099357 0.094359 0
0.10027 0.10132 0
0.10069 0.10833 0
0.10063 0.11536 0
0.10007 0.12238 0
0.099024 0.12935 0
0.097492 0.13624 0
0.095482 0.143 0
0.093002 0.14962 0
0.090063 0.15606 0
0.08668 0.16228 0
0.082866 0.16826 0
0.078641 0.17396 0
0.074024 0.17935 0
0.069036 0.18442 0
0.063702 0.18913 0
0.058047 0.19346 0
0.052098 0.19739 0
0.045882 0.2009 0
0.039431 0.20397 0
0.032775 0.20659 0
0.025945 0.20874 0
0.018976 0.2104 0
0.011901 0.21158 0
0.0047538 0.21226 0
-0.0024304 0.21244 -0
-0.0096168 0.21212 -0
-0.01677 0.2113 -0
-0.023856 0.20998 -0
-0.030838 0.20816 -0
-0.037684 0.20587 -0
-0.044359 0.20309 -0
-0.050831 0.19986 -0
-0.057067 0.19618 -0
-0.063037 0.19206 -0
-0.068711 0.18754 -0
-0.074061 0.18263 -0
-0.079059 0.17735 -0
-0.083682 0.17173 -0
-0.087905 0.16579 -0
-0.091707 0.15957 -0
-0.09507 0.15309 -0
-0.097975 0.14639 -0
-0.10041 0.13949 -0
-0.10235 0.13244 -0
-0.10381 0.12526 -0
-0.10475 0.11799 -0
-0.10519 0.11066 -0
-0.10512 0.10331 -0
-0.10453 0.095982 -0
-0.10344 0.088704 -0
-0.10183 0.081512 -0
-0.099728 0.074444 -0
-0.097134 0.067533 -0
-0.09406 0.060814 -0
-0.090523 0.054319 -0
-0.086536 0.048081 -0
-0.082121 0.04213 -0
-0.077296 0.036497 -0
-0.072085 0.03121 -0
-0.066513 0.026294 -0
-0.060605 0.021774 -0
-0.054391 0.017674 -0
-0.0479 0.014014 -0
-0.041164 0.010813 -0
-0.034213 0.0080874 -0
-0.027083 0.005851 -0
-0.019808 0.0041159 -0
-0.012422 0.0028915 -0
-0.0049617 0.0021847 -0
0.0025366 0.002 0
0.010037 0.0023392 0
0.017501 0.0032016 0
0.024895 0.004584 0
0.03218 0.0064806 0
0.039323 0.0088831 0
0.046286 0.011781 0
0.053037 0.01516 0
0.059541 0.019006 0
0.065768 0.023301 0
0.071684 0.028023 0
0.077262 0.033152 0
0.082474 0.038662 0
0.087292 0.044528 0
0.091694 0.050721 0
0.095656 0.057213 0
0.09916 0.063971 0
0.10219 0.070964 0
0.10472 0.078157 0
0.10675 0.085516 0
0.10826 0.093005 0
0.10924 0.10059 0
0.10969 0.10823 0
0.10961 0.11589 0
0.109 0.12353 0
0.10785 0.13112 0
0.090041 0.075601 0
0.09228 0.081936 0
0.094074 0.088418 0
0.095412 0.095016 0
0.096287 0.1017 0
0.096695 0.10843 0
0.096631 0.11519 0
0.096096 0.12193 0
0.095092 0.12862 0
0.093621 0.13523 0
0.09169 0.14173 0
0.089308 0.14809 0
0.086485 0.15427 0
0.083235 0.16025 0
0.079571 0.16599 0
0.075513 0.17146 0
0.071077 0.17665 0
0.066285 0.18152 0
0.061161 0.18604 0
0.055727 0.19021 0
0.050011 0.19398 0
0.044038 0.19735 0
0.037839 0.2003 0
0.031443 0.20282 0
0.02488 0.20488 0
0.018182 0.20648 0
0.011383 0.20761 0
0.0045135 0.20827 0
-0.0023916 0.20844 -0
-0.0092989 0.20813 -0
-0.016175 0.20734 -0
-0.022986 0.20607 -0
-0.029698 0.20433 -0
-0.036279 0.20212 -0
-0.042697 0.19945 -0
-0.048919 0.19634 -0
-0.054915 0.1928 -0
-0.060654 0.18885 -0
-0.06611 0.1845 -0
-0.071254 0.17978 -0
-0.07606 0.1747 -0
-0.080506 0.16929 -0
-0.084567 0.16359 -0
-0.088224 0.1576 -0
-0.091457 0.15137 -0
-0.094251 0.14493 -0
-0.096591 0.1383 -0
-0.098464 0.13151 -0
-0.09986 0.1246 -0
-0.10077 0.11761 -0
-0.10119 0.11056 -0
-0.10112 0.10349 -0
-0.10056 0.09644 -0
-0.099504 0.089438 -0
-0.097961 0.082519 -0
-0.095936 0.075718 -0
-0.09344 0.069069 -0
-0.090483 0.062603 -0
-0.087079 0.056354 -0
-0.083243 0.050351 -0
-0.078994 0.044625 -0
-0.074351 0.039204 -0
-0.069336 0.034115 -0
-0.063973 0.029384 -0
-0.058287 0.025034 -0
-0.052306 0.021088 -0
-0.046059 0.017565 -0
-0.039574 0.014484 -0
-0.032884 0.01186 -0
-0.02602 0.0097072 -0
-0.019016 0.0080368 -0
-0.011906 0.0068581 -0
-0.0047237 0.0061777 -0
0.0024954 0.0059998 0
0.0097164 0.0063263 0
0.016904 0.0071567 0
0.024023 0.0084878 0
0.031038 0.010314 0
0.037916 0.012628 0
0.044621 0.015418 0
0.051123 0.018672 0
0.057387 0.022376 0
0.063383 0.026512 0
0.069081 0.03106 0
0.074454 0.036 0
0.079473 0.041307 0
0.084115 0.046957 0
0.088355 0.052923 0
0.092172 0.059176 0
0.095546 0.065687 0
0.098461 0.072423 0
0.1009 0.079353 0
0.10285 0.086443 0
0.10431 0.093658 0
0.10526 0.10097 0
0.10569 0.10833 0
0.10562 0.11571 0
0.10502 0.12307 0
