2 161
3 162
4 163
5 164
6 165
7 166
8 167
9 168
10 169
11 170
12 171
13 172
14 173
15 174
16 175
17 176
18 177
19 178
20 179
21 180
22 181
23 182
24 183
25 184
26 185
27 186
28 187
29 188
30 189
31 190
32 191
33 192
34 193
35 194
36 195
37 196
38 197
39 198
42 199
43 200
44 201
45 202
46 203
47 204
48 205
49 206
50 207
51 208
52 209
53 210
54 211
55 212
56 213
57 214
58 215
59 216
60 217
61 218
62 219
63 220
64 221
65 222
66 223
67 224
68 225
69 226
70 227
71 228
72 229
73 230
74 231
75 232
76 233
77 234
78 235
79 236
82 237
83 238
84 239
85 240
86 241
87 242
88 243
89 244
90 245
91 246
92 247
93 248
94 249
95 250
96 251
97 252
98 253
99 254
100 255
101 256
102 257
103 258
104 259
105 260
106 261
107 262
108 263
109 264
110 265
111 266
112 267
113 268
114 269
115 270
116 271
117 272
118 273
119 274
122 275
123 276
124 277
125 278
126 279
127 280
128 281
129 282
130 283
131 284
132 285
133 286
134 287
135 288
136 289
137 290
138 291
139 292
140 293
141 294
142 295
143 296
144 297
145 298
146 299
147 300
148 301
149 302
150 303
151 304
152 305
153 306
154 307
155 308
156 309
157 310
158 311
159 312
