5 160
6 161
7 162
8 163
9 164
10 165
11 166
12 167
13 168
14 169
15 170
16 171
17 172
18 173
19 174
20 175
21 176
22 177
23 178
24 179
25 180
26 181
27 182
28 183
29 184
30 185
31 186
32 187
33 188
34 189
35 190
36 191
37 192
38 193
39 194
40 195
41 196
44 197
45 198
46 199
47 200
48 201
49 202
50 203
51 204
52 205
53 206
54 207
55 208
56 209
57 210
58 211
59 212
60 213
61 214
62 215
63 216
64 217
65 218
66 219
67 220
68 221
69 222
70 223
71 224
72 225
73 226
74 227
75 228
76 229
77 230
78 231
79 232
80 233
83 234
84 235
85 236
86 237
87 238
88 239
89 240
90 241
91 242
92 243
93 244
94 245
95 246
96 247
97 248
98 249
99 250
100 251
101 252
102 253
103 254
104 255
105 256
106 257
107 258
108 259
109 260
110 261
111 262
112 263
113 264
114 265
115 266
116 267
117 268
118 269
119 270
122 271
123 272
124 273
125 274
126 275
127 276
128 277
129 278
130 279
131 280
132 281
133 282
134 283
135 284
136 285
137 286
138 287
139 288
140 289
141 290
142 291
143 292
144 293
145 294
146 295
147 296
148 297
149 298
150 299
151 300
152 301
153 302
154 303
155 304
156 305
157 306
158 307
