0 0 0
0.0051282 0 0
0.010256 0 0
0.015385 0 0
0.020513 0 0
0.025641 0 0
0.030769 0 0
0.035897 0 0
0.041026 0 0
0.046154 0 0
0.051282 0 0
0.05641 0 0
0.061538 0 0
0.066667 0 0
0.071795 0 0
0.076923 0 0
0.082051 0 0
0.087179 0 0
0.092308 0 0
0.097436 0 0
0.10256 0 0
0.10769 0 0
0.11282 0 0
0.11795 0 0
0.12308 0 0
0.12821 0 0
0.13333 0 0
0.13846 0 0
0.14359 0 0
0.14872 0 0
0.15385 0 0
0.15897 0 0
0.1641 0 0
0.16923 0 0
0.17436 0 0
0.17949 0 0
0.18462 0 0
0.18974 0 0
0.19487 0 0
0.2 0 0
0.20513 0 0
3.1401e-19 0.0051282 0
6.2802e-19 0.010256 0
9.4204e-19 0.015385 0
1.256e-18 0.020513 0
1.5701e-18 0.025641 0
1.8841e-18 0.030769 0
2.1981e-18 0.035897 0
2.5121e-18 0.041026 0
2.8261e-18 0.046154 0
3.1401e-18 0.051282 0
3.4541e-18 0.05641 0
3.7681e-18 0.061538 0
4.0822e-18 0.066667 0
4.3962e-18 0.071795 0
4.7102e-18 0.076923 0
5.0242e-18 0.082051 0
5.3382e-18 0.087179 0
5.6522e-18 0.092308 0
5.9662e-18 0.097436 0
6.2802e-18 0.10256 0
6.5943e-18 0.10769 0
6.9083e-18 0.11282 0
7.2223e-18 0.11795 0
7.5363e-18 0.12308 0
7.8503e-18 0.12821 0
8.1643e-18 0.13333 0
8.4783e-18 0.13846 0
8.7923e-18 0.14359 0
9.1063e-18 0.14872 0
9.4204e-18 0.15385 0
9.7344e-18 0.15897 0
1.0048e-17 0.1641 0
1.0362e-17 0.16923 0
1.0676e-17 0.17436 0
1.099e-17 0.17949 0
1.1304e-17 0.18462 0
1.1618e-17 0.18974 0
1.1932e-17 0.19487 0
1.2246e-17 0.2 0
1.256e-17 0.20513 0
-0.0051282 6.2802e-19 0
-0.010256 1.256e-18 0
-0.015385 1.8841e-18 0
-0.020513 2.5121e-18 0
-0.025641 3.1401e-18 0
-0.030769 3.7681e-18 0
-0.035897 4.3962e-18 0
-0.041026 5.0242e-18 0
-0.046154 5.6522e-18 0
-0.051282 6.2802e-18 0
-0.05641 6.9083e-18 0
-0.061538 7.5363e-18 0
-0.066667 8.1643e-18 0
-0.071795 8.7923e-18 0
-0.076923 9.4204e-18 0
-0.082051 1.0048e-17 0
-0.087179 1.0676e-17 0
-0.092308 1.1304e-17 0
-0.097436 1.1932e-17 0
-0.10256 1.256e-17 0
-0.10769 1.3189e-17 0
-0.11282 1.3817e-17 0
-0.11795 1.4445e-17 0
-0.12308 1.5073e-17 0
-0.12821 1.5701e-17 0
-0.13333 1.6329e-17 0
-0.13846 1.6957e-17 0
-0.14359 1.7585e-17 0
-0.14872 1.8213e-17 0
-0.15385 1.8841e-17 0
-0.15897 1.9469e-17 0
-0.1641 2.0097e-17 0
-0.16923 2.0725e-17 0
-0.17436 2.1353e-17 0
-0.17949 2.1981e-17 0
-0.18462 2.2609e-17 0
-0.18974 2.3237e-17 0
-0.19487 2.3865e-17 0
-0.2 2.4493e-17 0
-0.20513 2.5121e-17 0
-9.4204e-19 -0.0051282 0
-1.8841e-18 -0.010256 0
-2.8261e-18 -0.015385 0
-3.7681e-18 -0.020513 0
-4.7102e-18 -0.025641 0
-5.6522e-18 -0.030769 0
-6.5943e-18 -0.035897 0
-7.5363e-18 -0.041026 0
-8.4783e-18 -0.046154 0
-9.4204e-18 -0.051282 0
-1.0362e-17 -0.05641 0
-1.1304e-17 -0.061538 0
-1.2246e-17 -0.066667 0
-1.3189e-17 -0.071795 0
-1.4131e-17 -0.076923 0
-1.5073e-17 -0.082051 0
-1.6015e-17 -0.087179 0
-1.6957e-17 -0.092308 0
-1.7899e-17 -0.097436 0
-1.8841e-17 -0.10256 0
-1.9783e-17 -0.10769 0
-2.0725e-17 -0.11282 0
-2.1667e-17 -0.11795 0
-2.2609e-17 -0.12308 0
-2.3551e-17 -0.12821 0
-2.4493e-17 -0.13333 0
-2.5435e-17 -0.13846 0
-2.6377e-17 -0.14359 0
-2.7319e-17 -0.14872 0
-2.8261e-17 -0.15385 0
-2.9203e-17 -0.15897 0
-3.0145e-17 -0.1641 0
-3.1087e-17 -0.16923 0
-3.2029e-17 -0.17436 0
-3.2971e-17 -0.17949 0
-3.3913e-17 -0.18462 0
-3.4855e-17 -0.18974 0
-3.5797e-17 -0.19487 0
-3.6739e-17 -0.2 0
-3.7681e-17 -0.20513 0
0.010256 0 0.005
0.015385 0 0.005
0.020513 0 0.005
0.025641 0 0.005
0.030769 0 0.005
0.035897 0 0.005
0.041026 0 0.005
0.046154 0 0.005
0.051282 0 0.005
0.05641 0 0.005
0.061538 0 0.005
0.066667 0 0.005
0.071795 0 0.005
0.076923 0 0.005
0.082051 0 0.005
0.087179 0 0.005
0.092308 0 0.005
0.097436 0 0.005
0.10256 0 0.005
0.10769 0 0.005
0.11282 0 0.005
0.11795 0 0.005
0.12308 0 0.005
0.12821 0 0.005
0.13333 0 0.005
0.13846 0 0.005
0.14359 0 0.005
0.14872 0 0.005
0.15385 0 0.005
0.15897 0 0.005
0.1641 0 0.005
0.16923 0 0.005
0.17436 0 0.005
0.17949 0 0.005
0.18462 0 0.005
0.18974 0 0.005
0.19487 0 0.005
0.2 0 0.005
6.2802e-19 0.010256 0.005
9.4204e-19 0.015385 0.005
1.256e-18 0.020513 0.005
1.5701e-18 0.025641 0.005
1.8841e-18 0.030769 0.005
2.1981e-18 0.035897 0.005
2.5121e-18 0.041026 0.005
2.8261e-18 0.046154 0.005
3.1401e-18 0.051282 0.005
3.4541e-18 0.05641 0.005
3.7681e-18 0.061538 0.005
4.0822e-18 0.066667 0.005
4.3962e-18 0.071795 0.005
4.7102e-18 0.076923 0.005
5.0242e-18 0.082051 0.005
5.3382e-18 0.087179 0.005
5.6522e-18 0.092308 0.005
5.9662e-18 0.097436 0.005
6.2802e-18 0.10256 0.005
6.5943e-18 0.10769 0.005
6.9083e-18 0.11282 0.005
7.2223e-18 0.11795 0.005
7.5363e-18 0.12308 0.005
7.8503e-18 0.12821 0.005
8.1643e-18 0.13333 0.005
8.4783e-18 0.13846 0.005
8.7923e-18 0.14359 0.005
9.1063e-18 0.14872 0.005
9.4204e-18 0.15385 0.005
9.7344e-18 0.15897 0.005
1.0048e-17 0.1641 0.005
1.0362e-17 0.16923 0.005
1.0676e-17 0.17436 0.005
1.099e-17 0.17949 0.005
1.1304e-17 0.18462 0.005
1.1618e-17 0.18974 0.005
1.1932e-17 0.19487 0.005
1.2246e-17 0.2 0.005
-0.010256 1.256e-18 0.005
-0.015385 1.8841e-18 0.005
-0.020513 2.5121e-18 0.005
-0.025641 3.1401e-18 0.005
-0.030769 3.7681e-18 0.005
-0.035897 4.3962e-18 0.005
-0.041026 5.0242e-18 0.005
-0.046154 5.6522e-18 0.005
-0.051282 6.2802e-18 0.005
-0.05641 6.9083e-18 0.005
-0.061538 7.5363e-18 0.005
-0.066667 8.1643e-18 0.005
-0.071795 8.7923e-18 0.005
-0.076923 9.4204e-18 0.005
-0.082051 1.0048e-17 0.005
-0.087179 1.0676e-17 0.005
-0.092308 1.1304e-17 0.005
-0.097436 1.1932e-17 0.005
-0.10256 1.256e-17 0.005
-0.10769 1.3189e-17 0.005
-0.11282 1.3817e-17 0.005
-0.11795 1.4445e-17 0.005
-0.12308 1.5073e-17 0.005
-0.12821 1.5701e-17 0.005
-0.13333 1.6329e-17 0.005
-0.13846 1.6957e-17 0.005
-0.14359 1.7585e-17 0.005
-0.14872 1.8213e-17 0.005
-0.15385 1.8841e-17 0.005
-0.15897 1.9469e-17 0.005
-0.1641 2.0097e-17 0.005
-0.16923 2.0725e-17 0.005
-0.17436 2.1353e-17 0.005
-0.17949 2.1981e-17 0.005
-0.18462 2.2609e-17 0.005
-0.18974 2.3237e-17 0.005
-0.19487 2.3865e-17 0.005
-0.2 2.4493e-17 0.005
-1.8841e-18 -0.010256 0.005
-2.8261e-18 -0.015385 0.005
-3.7681e-18 -0.020513 0.005
-4.7102e-18 -0.025641 0.005
-5.6522e-18 -0.030769 0.005
-6.5943e-18 -0.035897 0.005
-7.5363e-18 -0.041026 0.005
-8.4783e-18 -0.046154 0.005
-9.4204e-18 -0.051282 0.005
-1.0362e-17 -0.05641 0.005
-1.1304e-17 -0.061538 0.005
-1.2246e-17 -0.066667 0.005
-1.3189e-17 -0.071795 0.005
-1.4131e-17 -0.076923 0.005
-1.5073e-17 -0.082051 0.005
-1.6015e-17 -0.087179 0.005
-1.6957e-17 -0.092308 0.005
-1.7899e-17 -0.097436 0.005
-1.8841e-17 -0.10256 0.005
-1.9783e-17 -0.10769 0.005
-2.0725e-17 -0.11282 0.005
-2.1667e-17 -0.11795 0.005
-2.2609e-17 -0.12308 0.005
-2.3551e-17 -0.12821 0.005
-2.4493e-17 -0.13333 0.005
-2.5435e-17 -0.13846 0.005
-2.6377e-17 -0.14359 0.005
-2.7319e-17 -0.14872 0.005
-2.8261e-17 -0.15385 0.005
-2.9203e-17 -0.15897 0.005
-3.0145e-17 -0.1641 0.005
-3.1087e-17 -0.16923 0.005
-3.2029e-17 -0.17436 0.005
-3.2971e-17 -0.17949 0.005
-3.3913e-17 -0.18462 0.005
-3.4855e-17 -0.18974 0.005
-3.5797e-17 -0.19487 0.005
-3.6739e-17 -0.2 0.005
0 0.0 -0.08
