9 160
10 161
11 162
12 163
13 164
14 165
15 166
16 167
17 168
18 169
19 170
20 171
21 172
22 173
23 174
24 175
25 176
28 177
29 178
30 179
31 180
32 181
33 182
34 183
35 184
36 185
37 186
38 187
39 188
40 189
41 190
42 191
43 192
44 193
47 194
48 195
49 196
50 197
51 198
52 199
53 200
54 201
55 202
56 203
57 204
58 205
59 206
60 207
61 208
62 209
63 210
66 211
67 212
68 213
69 214
70 215
71 216
72 217
73 218
74 219
75 220
76 221
77 222
78 223
79 224
80 225
81 226
82 227
85 228
86 229
87 230
88 231
89 232
90 233
91 234
92 235
93 236
94 237
95 238
96 239
97 240
98 241
99 242
100 243
101 244
104 245
105 246
106 247
107 248
108 249
109 250
110 251
111 252
112 253
113 254
114 255
115 256
116 257
117 258
118 259
119 260
120 261
123 262
124 263
125 264
126 265
127 266
128 267
129 268
130 269
131 270
132 271
133 272
134 273
135 274
136 275
137 276
138 277
139 278
142 279
143 280
144 281
145 282
146 283
147 284
148 285
149 286
150 287
151 288
152 289
153 290
154 291
155 292
156 293
157 294
158 295
