2 161
3 162
4 163
5 164
6 165
7 166
8 167
9 168
10 169
11 170
12 171
13 172
14 173
15 174
16 175
17 176
18 177
19 178
22 179
23 180
24 181
25 182
26 183
27 184
28 185
29 186
30 187
31 188
32 189
33 190
34 191
35 192
36 193
37 194
38 195
39 196
42 197
43 198
44 199
45 200
46 201
47 202
48 203
49 204
50 205
51 206
52 207
53 208
54 209
55 210
56 211
57 212
58 213
59 214
62 215
63 216
64 217
65 218
66 219
67 220
68 221
69 222
70 223
71 224
72 225
73 226
74 227
75 228
76 229
77 230
78 231
79 232
82 233
83 234
84 235
85 236
86 237
87 238
88 239
89 240
90 241
91 242
92 243
93 244
94 245
95 246
96 247
97 248
98 249
99 250
102 251
103 252
104 253
105 254
106 255
107 256
108 257
109 258
110 259
111 260
112 261
113 262
114 263
115 264
116 265
117 266
118 267
119 268
122 269
123 270
124 271
125 272
126 273
127 274
128 275
129 276
130 277
131 278
132 279
133 280
134 281
135 282
136 283
137 284
138 285
139 286
142 287
143 288
144 289
145 290
146 291
147 292
148 293
149 294
150 295
151 296
152 297
153 298
154 299
155 300
156 301
157 302
158 303
159 304
