0 0 0
0.0052632 0 0
0.010526 0 0
0.015789 0 0
0.021053 0 0
0.026316 0 0
0.031579 0 0
0.036842 0 0
0.042105 0 0
0.047368 0 0
0.052632 0 0
0.057895 0 0
0.063158 0 0
0.068421 0 0
0.073684 0 0
0.078947 0 0
0.084211 0 0
0.089474 0 0
0.094737 0 0
0.1 0 0
0.10526 0 0
0.0037216 0.0037216 0
0.0074432 0.0074432 0
0.011165 0.011165 0
0.014886 0.014886 0
0.018608 0.018608 0
0.02233 0.02233 0
0.026051 0.026051 0
0.029773 0.029773 0
0.033495 0.033495 0
0.037216 0.037216 0
0.040938 0.040938 0
0.044659 0.044659 0
0.048381 0.048381 0
0.052103 0.052103 0
0.055824 0.055824 0
0.059546 0.059546 0
0.063267 0.063267 0
0.066989 0.066989 0
0.070711 0.070711 0
0.074432 0.074432 0
3.2228e-19 0.0052632 0
6.4455e-19 0.010526 0
9.6683e-19 0.015789 0
1.2891e-18 0.021053 0
1.6114e-18 0.026316 0
1.9337e-18 0.031579 0
2.2559e-18 0.036842 0
2.5782e-18 0.042105 0
2.9005e-18 0.047368 0
3.2228e-18 0.052632 0
3.545e-18 0.057895 0
3.8673e-18 0.063158 0
4.1896e-18 0.068421 0
4.5119e-18 0.073684 0
4.8341e-18 0.078947 0
5.1564e-18 0.084211 0
5.4787e-18 0.089474 0
5.801e-18 0.094737 0
6.1232e-18 0.1 0
6.4455e-18 0.10526 0
-0.0037216 0.0037216 0
-0.0074432 0.0074432 0
-0.011165 0.011165 0
-0.014886 0.014886 0
-0.018608 0.018608 0
-0.02233 0.02233 0
-0.026051 0.026051 0
-0.029773 0.029773 0
-0.033495 0.033495 0
-0.037216 0.037216 0
-0.040938 0.040938 0
-0.044659 0.044659 0
-0.048381 0.048381 0
-0.052103 0.052103 0
-0.055824 0.055824 0
-0.059546 0.059546 0
-0.063267 0.063267 0
-0.066989 0.066989 0
-0.070711 0.070711 0
-0.074432 0.074432 0
-0.0052632 6.4455e-19 0
-0.010526 1.2891e-18 0
-0.015789 1.9337e-18 0
-0.021053 2.5782e-18 0
-0.026316 3.2228e-18 0
-0.031579 3.8673e-18 0
-0.036842 4.5119e-18 0
-0.042105 5.1564e-18 0
-0.047368 5.801e-18 0
-0.052632 6.4455e-18 0
-0.057895 7.0901e-18 0
-0.063158 7.7346e-18 0
-0.068421 8.3792e-18 0
-0.073684 9.0237e-18 0
-0.078947 9.6683e-18 0
-0.084211 1.0313e-17 0
-0.089474 1.0957e-17 0
-0.094737 1.1602e-17 0
-0.1 1.2246e-17 0
-0.10526 1.2891e-17 0
-0.0037216 -0.0037216 0
-0.0074432 -0.0074432 0
-0.011165 -0.011165 0
-0.014886 -0.014886 0
-0.018608 -0.018608 0
-0.02233 -0.02233 0
-0.026051 -0.026051 0
-0.029773 -0.029773 0
-0.033495 -0.033495 0
-0.037216 -0.037216 0
-0.040938 -0.040938 0
-0.044659 -0.044659 0
-0.048381 -0.048381 0
-0.052103 -0.052103 0
-0.055824 -0.055824 0
-0.059546 -0.059546 0
-0.063267 -0.063267 0
-0.066989 -0.066989 0
-0.070711 -0.070711 0
-0.074432 -0.074432 0
-9.6683e-19 -0.0052632 0
-1.9337e-18 -0.010526 0
-2.9005e-18 -0.015789 0
-3.8673e-18 -0.021053 0
-4.8341e-18 -0.026316 0
-5.801e-18 -0.031579 0
-6.7678e-18 -0.036842 0
-7.7346e-18 -0.042105 0
-8.7014e-18 -0.047368 0
-9.6683e-18 -0.052632 0
-1.0635e-17 -0.057895 0
-1.1602e-17 -0.063158 0
-1.2569e-17 -0.068421 0
-1.3536e-17 -0.073684 0
-1.4502e-17 -0.078947 0
-1.5469e-17 -0.084211 0
-1.6436e-17 -0.089474 0
-1.7403e-17 -0.094737 0
-1.837e-17 -0.1 0
-1.9337e-17 -0.10526 0
0.0037216 -0.0037216 0
0.0074432 -0.0074432 0
0.011165 -0.011165 0
0.014886 -0.014886 0
0.018608 -0.018608 0
0.02233 -0.02233 0
0.026051 -0.026051 0
0.029773 -0.029773 0
0.033495 -0.033495 0
0.037216 -0.037216 0
0.040938 -0.040938 0
0.044659 -0.044659 0
0.048381 -0.048381 0
0.052103 -0.052103 0
0.055824 -0.055824 0
0.059546 -0.059546 0
0.063267 -0.063267 0
0.066989 -0.066989 0
0.070711 -0.070711 0
0.074432 -0.074432 0
0.010526 0 0.005
0.015789 0 0.005
0.021053 0 0.005
0.026316 0 0.005
0.031579 0 0.005
0.036842 0 0.005
0.042105 0 0.005
0.047368 0 0.005
0.052632 0 0.005
0.057895 0 0.005
0.063158 0 0.005
0.068421 0 0.005
0.073684 0 0.005
0.078947 0 0.005
0.084211 0 0.005
0.089474 0 0.005
0.094737 0 0.005
0.1 0 0.005
0.0074432 0.0074432 0.005
0.011165 0.011165 0.005
0.014886 0.014886 0.005
0.018608 0.018608 0.005
0.02233 0.02233 0.005
0.026051 0.026051 0.005
0.029773 0.029773 0.005
0.033495 0.033495 0.005
0.037216 0.037216 0.005
0.040938 0.040938 0.005
0.044659 0.044659 0.005
0.048381 0.048381 0.005
0.052103 0.052103 0.005
0.055824 0.055824 0.005
0.059546 0.059546 0.005
0.063267 0.063267 0.005
0.066989 0.066989 0.005
0.070711 0.070711 0.005
6.4455e-19 0.010526 0.005
9.6683e-19 0.015789 0.005
1.2891e-18 0.021053 0.005
1.6114e-18 0.026316 0.005
1.9337e-18 0.031579 0.005
2.2559e-18 0.036842 0.005
2.5782e-18 0.042105 0.005
2.9005e-18 0.047368 0.005
3.2228e-18 0.052632 0.005
3.545e-18 0.057895 0.005
3.8673e-18 0.063158 0.005
4.1896e-18 0.068421 0.005
4.5119e-18 0.073684 0.005
4.8341e-18 0.078947 0.005
5.1564e-18 0.084211 0.005
5.4787e-18 0.089474 0.005
5.801e-18 0.094737 0.005
6.1232e-18 0.1 0.005
-0.0074432 0.0074432 0.005
-0.011165 0.011165 0.005
-0.014886 0.014886 0.005
-0.018608 0.018608 0.005
-0.02233 0.02233 0.005
-0.026051 0.026051 0.005
-0.029773 0.029773 0.005
-0.033495 0.033495 0.005
-0.037216 0.037216 0.005
-0.040938 0.040938 0.005
-0.044659 0.044659 0.005
-0.048381 0.048381 0.005
-0.052103 0.052103 0.005
-0.055824 0.055824 0.005
-0.059546 0.059546 0.005
-0.063267 0.063267 0.005
-0.066989 0.066989 0.005
-0.070711 0.070711 0.005
-0.010526 1.2891e-18 0.005
-0.015789 1.9337e-18 0.005
-0.021053 2.5782e-18 0.005
-0.026316 3.2228e-18 0.005
-0.031579 3.8673e-18 0.005
-0.036842 4.5119e-18 0.005
-0.042105 5.1564e-18 0.005
-0.047368 5.801e-18 0.005
-0.052632 6.4455e-18 0.005
-0.057895 7.0901e-18 0.005
-0.063158 7.7346e-18 0.005
-0.068421 8.3792e-18 0.005
-0.073684 9.0237e-18 0.005
-0.078947 9.6683e-18 0.005
-0.084211 1.0313e-17 0.005
-0.089474 1.0957e-17 0.005
-0.094737 1.1602e-17 0.005
-0.1 1.2246e-17 0.005
-0.0074432 -0.0074432 0.005
-0.011165 -0.011165 0.005
-0.014886 -0.014886 0.005
-0.018608 -0.018608 0.005
-0.02233 -0.02233 0.005
-0.026051 -0.026051 0.005
-0.029773 -0.029773 0.005
-0.033495 -0.033495 0.005
-0.037216 -0.037216 0.005
-0.040938 -0.040938 0.005
-0.044659 -0.044659 0.005
-0.048381 -0.048381 0.005
-0.052103 -0.052103 0.005
-0.055824 -0.055824 0.005
-0.059546 -0.059546 0.005
-0.063267 -0.063267 0.005
-0.066989 -0.066989 0.005
-0.070711 -0.070711 0.005
-1.9337e-18 -0.010526 0.005
-2.9005e-18 -0.015789 0.005
-3.8673e-18 -0.021053 0.005
-4.8341e-18 -0.026316 0.005
-5.801e-18 -0.031579 0.005
-6.7678e-18 -0.036842 0.005
-7.7346e-18 -0.042105 0.005
-8.7014e-18 -0.047368 0.005
-9.6683e-18 -0.052632 0.005
-1.0635e-17 -0.057895 0.005
-1.1602e-17 -0.063158 0.005
-1.2569e-17 -0.068421 0.005
-1.3536e-17 -0.073684 0.005
-1.4502e-17 -0.078947 0.005
-1.5469e-17 -0.084211 0.005
-1.6436e-17 -0.089474 0.005
-1.7403e-17 -0.094737 0.005
-1.837e-17 -0.1 0.005
0.0074432 -0.0074432 0.005
0.011165 -0.011165 0.005
0.014886 -0.014886 0.005
0.018608 -0.018608 0.005
0.02233 -0.02233 0.005
0.026051 -0.026051 0.005
0.029773 -0.029773 0.005
0.033495 -0.033495 0.005
0.037216 -0.037216 0.005
0.040938 -0.040938 0.005
0.044659 -0.044659 0.005
0.048381 -0.048381 0.005
0.052103 -0.052103 0.005
0.055824 -0.055824 0.005
0.059546 -0.059546 0.005
0.063267 -0.063267 0.005
0.066989 -0.066989 0.005
0.070711 -0.070711 0.005
